\begin{longtable}{@{}cX@{}}  
\toprule
\textbf{Column 1} & \textbf{Column 2} &\textbf{Column 1} & \textbf{Column 2} &\textbf{Column 1} & \textbf{Column 2} &\textbf{Column 1} & \textbf{Column 2} &\textbf{Column 1} & \textbf{Column 2} &
\textbf{Column 1} & \textbf{Column 2} &\textbf{Column 1} & \textbf{Column 2} &\textbf{Column 1} & \textbf{Column 2} &\textbf{Column 1} & \textbf{Column 2} &\textbf{Column 1} & \textbf{Column 2} & \\[6pt]
\midrule
\endhead
0.0 & 70.0 & 75.0 & 73.0 & 66.0 & 76.0 & 71.0 & 77.0 & 79.0 & 78.0 & 80.0 & 77.0 & 74.0 & 77.0 & 75.0 & 79.0 & 45.0 & 57.0 & 9.0 & 68.0 \\
70.0 & 0.0 & 5.0 & 3.0 & 4.0 & 6.0 & 1.0 & 7.0 & 9.0 & 8.0 & 10.0 & 7.0 & 4.0 & 7.0 & 5.0 & 9.0 & 25.0 & 13.0 & 79.0 & 138.0 \\
75.0 & 5.0 & 0.0 & 2.0 & 9.0 & 1.0 & 4.0 & 2.0 & 4.0 & 3.0 & 5.0 & 2.0 & 1.0 & 2.0 & 0.0 & 4.0 & 30.0 & 18.0 & 84.0 & 143.0 \\
73.0 & 3.0 & 2.0 & 0.0 & 7.0 & 3.0 & 2.0 & 4.0 & 6.0 & 5.0 & 7.0 & 4.0 & 1.0 & 4.0 & 2.0 & 6.0 & 28.0 & 16.0 & 82.0 & 141.0 \\
66.0 & 4.0 & 9.0 & 7.0 & 0.0 & 10.0 & 5.0 & 11.0 & 13.0 & 12.0 & 14.0 & 11.0 & 8.0 & 11.0 & 9.0 & 13.0 & 21.0 & 9.0 & 75.0 & 134.0 \\
76.0 & 6.0 & 1.0 & 3.0 & 10.0 & 0.0 & 5.0 & 1.0 & 3.0 & 2.0 & 4.0 & 1.0 & 2.0 & 1.0 & 1.0 & 3.0 & 31.0 & 19.0 & 85.0 & 144.0 \\
71.0 & 1.0 & 4.0 & 2.0 & 5.0 & 5.0 & 0.0 & 6.0 & 8.0 & 7.0 & 9.0 & 6.0 & 3.0 & 6.0 & 4.0 & 8.0 & 26.0 & 14.0 & 80.0 & 139.0 \\
77.0 & 7.0 & 2.0 & 4.0 & 11.0 & 1.0 & 6.0 & 0.0 & 2.0 & 1.0 & 3.0 & 0.0 & 3.0 & 0.0 & 2.0 & 2.0 & 32.0 & 20.0 & 86.0 & 145.0 \\
79.0 & 9.0 & 4.0 & 6.0 & 13.0 & 3.0 & 8.0 & 2.0 & 0.0 & 1.0 & 1.0 & 2.0 & 5.0 & 2.0 & 4.0 & 0.0 & 34.0 & 22.0 & 88.0 & 147.0 \\
78.0 & 8.0 & 3.0 & 5.0 & 12.0 & 2.0 & 7.0 & 1.0 & 1.0 & 0.0 & 2.0 & 1.0 & 4.0 & 1.0 & 3.0 & 1.0 & 33.0 & 21.0 & 87.0 & 146.0 \\
80.0 & 10.0 & 5.0 & 7.0 & 14.0 & 4.0 & 9.0 & 3.0 & 1.0 & 2.0 & 0.0 & 3.0 & 6.0 & 3.0 & 5.0 & 1.0 & 35.0 & 23.0 & 89.0 & 148.0 \\
77.0 & 7.0 & 2.0 & 4.0 & 11.0 & 1.0 & 6.0 & 0.0 & 2.0 & 1.0 & 3.0 & 0.0 & 3.0 & 0.0 & 2.0 & 2.0 & 32.0 & 20.0 & 86.0 & 145.0 \\
74.0 & 4.0 & 1.0 & 1.0 & 8.0 & 2.0 & 3.0 & 3.0 & 5.0 & 4.0 & 6.0 & 3.0 & 0.0 & 3.0 & 1.0 & 5.0 & 29.0 & 17.0 & 83.0 & 142.0 \\
77.0 & 7.0 & 2.0 & 4.0 & 11.0 & 1.0 & 6.0 & 0.0 & 2.0 & 1.0 & 3.0 & 0.0 & 3.0 & 0.0 & 2.0 & 2.0 & 32.0 & 20.0 & 86.0 & 145.0 \\
75.0 & 5.0 & 0.0 & 2.0 & 9.0 & 1.0 & 4.0 & 2.0 & 4.0 & 3.0 & 5.0 & 2.0 & 1.0 & 2.0 & 0.0 & 4.0 & 30.0 & 18.0 & 84.0 & 143.0 \\
79.0 & 9.0 & 4.0 & 6.0 & 13.0 & 3.0 & 8.0 & 2.0 & 0.0 & 1.0 & 1.0 & 2.0 & 5.0 & 2.0 & 4.0 & 0.0 & 34.0 & 22.0 & 88.0 & 147.0 \\
45.0 & 25.0 & 30.0 & 28.0 & 21.0 & 31.0 & 26.0 & 32.0 & 34.0 & 33.0 & 35.0 & 32.0 & 29.0 & 32.0 & 30.0 & 34.0 & 0.0 & 12.0 & 54.0 & 113.0 \\
57.0 & 13.0 & 18.0 & 16.0 & 9.0 & 19.0 & 14.0 & 20.0 & 22.0 & 21.0 & 23.0 & 20.0 & 17.0 & 20.0 & 18.0 & 22.0 & 12.0 & 0.0 & 66.0 & 125.0 \\
9.0 & 79.0 & 84.0 & 82.0 & 75.0 & 85.0 & 80.0 & 86.0 & 88.0 & 87.0 & 89.0 & 86.0 & 83.0 & 86.0 & 84.0 & 88.0 & 54.0 & 66.0 & 0.0 & 59.0 \\
68.0 & 138.0 & 143.0 & 141.0 & 134.0 & 144.0 & 139.0 & 145.0 & 147.0 & 146.0 & 148.0 & 145.0 & 142.0 & 145.0 & 143.0 & 147.0 & 113.0 & 125.0 & 59.0 & 0.0 \\
\bottomrule
\end{longtable}   